kinematics:
  shoulder:
    x: 0
    y: 0
    z: 0.16253268591029907
    roll: -0
    pitch: 0
    yaw: -3.9706105474032749e-07
  upper_arm:
    x: 5.9721945474714789e-05
    y: 0
    z: 0
    roll: 1.5694161246097016
    pitch: 0
    yaw: 3.8856764585994165e-07
  forearm:
    x: -0.42536553582483921
    y: 0
    z: 0
    roll: 3.1411247028186096
    pitch: 3.1406202190734502
    yaw: 3.141591474472873
  wrist_1:
    x: -0.39236572259516306
    y: -0.00038526533421009263
    z: 0.13417899372885142
    roll: 0.0028712711637521563
    pitch: 3.3546609413013983e-05
    yaw: 1.2608447936119974e-06
  wrist_2:
    x: 5.7243914837099386e-05
    y: -0.099710274078176342
    z: 5.5554929734187943e-05
    roll: 1.5702391633079928
    pitch: 0
    yaw: 4.5241975821577735e-07
  wrist_3:
    x: 9.4768738018291456e-05
    y: 0.099660684607093819
    z: 3.0152958512421488e-05
    roll: 1.5710988829905641
    pitch: 3.1415926535897931
    yaw: 3.1415926477648899
  hash: calib_15111234226826911485